113.38458277777778,23.0978375,新港东路,科韵路,5,836,121,11432,1497,-1,-1,-1,0
113.38458277777778,23.0978375,新港东路,科韵路,5,836,121,11432,1497,-1,-1,-1,0
113.38436555555556,23.097846944444445,新港东路,科韵路,5,814,118,11410,1494,-1,-1,-1,0
113.3841513888889,23.09785527777778,新港东路,科韵路,5,792,116,11388,1492,-1,-1,-1,0
113.38393722222222,23.097863611111112,新港东路,科韵路,5,770,114,11366,1490,-1,-1,-1,0
113.38372305555555,23.09787222222222,新港东路,科韵路,5,748,112,11344,1488,-1,-1,-1,0
113.38350888888888,23.097880833333335,新港东路,科韵路,5,726,110,11322,1486,-1,-1,-1,0
113.38329472222222,23.097889444444444,新港东路,科韵路,5,704,108,11300,1484,-1,-1,-1,0
113.38308055555555,23.097898055555557,新港东路,科韵路,5,682,106,11278,1482,-1,-1,-1,0
113.38286638888889,23.097906666666667,新港东路,科韵路,5,660,104,11256,1480,-1,-1,-1,0
113.38265222222222,23.09791722222222,新港东路,科韵路,5,638,102,11234,1478,-1,-1,-1,0
113.38243833333334,23.097927777777777,新港东路,科韵路,5,616,101,11212,1477,-1,-1,-1,0
113.38222444444445,23.09793833333333,新港东路,科韵路,5,594,99,11190,1475,-1,-1,-1,0
113.38201027777778,23.09794888888889,新港东路,科韵路,5,572,98,11168,1474,-1,-1,-1,0
113.38179611111111,23.097959444444445,新港东路,科韵路,5,550,96,11146,1472,-1,-1,-1,0
113.38158194444445,23.09797,新港东路,科韵路,5,528,95,11124,1471,-1,-1,-1,0
113.38136777777778,23.097980833333335,新港东路,科韵路,5,506,93,11102,1469,-1,-1,-1,0
113.38115416666666,23.097990555555555,新港东路,科韵路,5,484,92,11080,1468,-1,348,3,0
113.38098916666667,23.097998055555557,新港东路,科韵路,5,467,90,11063,1466,-1,331,3,0
113.38082388888888,23.098005555555556,新港东路,科韵路,5,450,89,11046,1465,-1,314,3,0
113.38065861111112,23.098013055555555,新港东路,科韵路,5,433,88,11029,1464,-1,297,3,0
113.3804936111111,23.098020555555557,新港东路,科韵路,5,416,86,11012,1462,-1,280,3,0
113.38032861111111,23.098028333333332,新港东路,科韵路,5,399,82,10995,1458,-1,263,3,0
113.38016361111112,23.09803611111111,新港东路,科韵路,5,382,77,10978,1453,-1,246,3,0
113.37999833333333,23.09804388888889,新港东路,科韵路,5,365,72,10961,1448,-1,229,3,0
113.37983305555555,23.098051944444446,新港东路,科韵路,5,348,67,10944,1443,-1,212,3,0
113.37966777777778,23.09805972222222,新港东路,科韵路,5,331,62,10927,1438,-1,195,3,0
113.37950166666667,23.098065833333333,新港东路,科韵路,5,314,59,10910,1435,-1,178,3,0
113.37933555555556,23.09807222222222,新港东路,科韵路,5,297,56,10893,1432,-1,161,3,0
113.37916944444444,23.09807861111111,新港东路,科韵路,5,280,52,10876,1428,-1,144,3,0
113.37900333333333,23.098085,新港东路,科韵路,5,263,49,10859,1425,-1,127,3,0
113.37883722222222,23.09809138888889,新港东路,科韵路,5,246,46,10842,1422,-1,110,3,0
113.37867111111112,23.098097777777777,新港东路,科韵路,5,229,42,10825,1418,-1,93,3,0
113.378505,23.098104166666666,新港东路,科韵路,5,212,39,10808,1415,-1,76,3,0
113.3783386111111,23.098110555555557,新港东路,科韵路,5,195,36,10791,1412,-1,59,3,0
113.37817277777778,23.09811472222222,新港东路,科韵路,5,178,33,10774,1409,-1,42,3,0
113.37800694444445,23.098118888888887,新港东路,科韵路,5,161,29,10757,1405,-1,25,3,0
113.37784111111111,23.098123333333334,新港东路,科韵路,5,144,26,10740,1402,-1,8,3,0
113.37767527777778,23.098127777777776,新港东路,科韵路,5,127,23,10723,1399,-1,-1,-1,0
113.37750944444444,23.098132222222223,新港东路,科韵路,5,110,19,10706,1395,-1,-1,-1,0
113.37734361111112,23.098136666666665,新港东路,科韵路,5,93,16,10689,1392,-1,-1,-1,0
113.37717833333333,23.09814111111111,新港东路,科韵路,5,76,13,10672,1389,-1,-1,-1,0
113.37701611111112,23.098144722222223,新港东路,科韵路,5,59,10,10655,1386,-1,-1,-1,0
113.37685305555556,23.098151944444446,新港东路,科韵路,5,42,7,10638,1383,-1,-1,-1,0
113.3766875,23.09815777777778,新港东路,科韵路,5,25,4,10621,1380,-1,-1,-1,0
113.37652111111112,23.098163333333332,新港东路,科韵路,5,8,1,10604,1377,-1,-1,-1,0
113.37644083333333,23.098168333333334,科韵路,科韵路,5,149,17,10596,1376,-1,-1,-1,0
113.37628305555556,23.098217777777776,科韵路,科韵路,5,132,15,10579,1374,-1,-1,-1,0
113.37612527777777,23.098267222222223,科韵路,科韵路,5,115,13,10562,1372,-1,-1,-1,0
113.3759675,23.098316666666665,科韵路,科韵路,5,98,11,10545,1370,-1,-1,-1,0
113.37580972222223,23.098366111111112,科韵路,科韵路,5,81,9,10528,1368,-1,-1,-1,0
113.37564972222222,23.098406666666666,科韵路,科韵路,5,64,7,10511,1366,-1,-1,-1,0
113.37548555555556,23.098430277777776,科韵路,科韵路,5,47,5,10494,1364,-1,-1,-1,0
113.3753211111111,23.0984475,科韵路,科韵路,5,30,3,10477,1362,-1,-1,-1,0
113.37515666666667,23.098458611111113,科韵路,科韵路,5,13,1,10460,1360,-1,-1,-1,0
113.37503027777778,23.098467777777778,科韵路,科韵路,5,162,19,10447,1359,-1,-1,-1,0
113.37486472222223,23.09848722222222,科韵路,科韵路,5,145,17,10430,1357,-1,-1,-1,0
113.37469916666667,23.098506944444445,科韵路,科韵路,5,128,15,10413,1355,-1,-1,-1,0
113.3745336111111,23.098529444444445,科韵路,科韵路,5,110,13,10395,1353,-1,-1,-1,0
113.37436777777778,23.098556944444443,科韵路,科韵路,5,93,11,10378,1351,-1,-1,-1,0
113.37420861111111,23.09861111111111,科韵路,科韵路,5,76,9,10361,1349,-1,-1,-1,0
113.3740661111111,23.098691388888888,科韵路,科韵路,5,59,7,10344,1347,-1,-1,-1,0
113.37394722222223,23.098800833333332,科韵路,科韵路,5,42,5,10327,1345,-1,-1,-1,0
113.37385972222222,23.09893222222222,科韵路,科韵路,5,24,3,10309,1343,-1,-1,-1,0
113.37379472222223,23.09907611111111,科韵路,科韵路,5,7,1,10292,1341,-1,-1,-1,0
113.37376722222223,23.09913611111111,科韵路,科韵路,4,2805,278,10285,1340,-1,-1,-1,0
113.37376722222223,23.099336944444445,科韵路,科韵路,4,2783,275,10263,1337,-1,-1,-1,0
113.37378111111111,23.099534444444444,科韵路,科韵路,4,2761,273,10241,1335,-1,-1,-1,0
113.37380055555556,23.099730555555556,科韵路,科韵路,4,2739,270,10219,1332,-1,-1,-1,0
113.37381055555555,23.099930277777776,科韵路,科韵路,4,2716,267,10196,1329,-1,-1,-1,0
113.37376444444445,23.100126944444444,科韵路,科韵路,4,2694,264,10174,1326,-1,-1,-1,0
113.37375638888889,23.100325833333333,科韵路,科韵路,4,2672,260,10152,1322,-1,-1,-1,0
113.37377027777778,23.100525277777777,科韵路,科韵路,4,2650,257,10130,1319,-1,-1,-1,0
113.37378194444445,23.10072388888889,科韵路,科韵路,4,2628,253,10108,1315,-1,-1,-1,0
113.37379361111111,23.10092277777778,科韵路,科韵路,4,2606,250,10086,1312,-1,-1,-1,0
113.37380416666667,23.101121666666668,科韵路,科韵路,4,2583,246,10063,1308,-1,-1,-1,0
113.37381194444444,23.101320277777777,科韵路,科韵路,4,2561,243,10041,1305,-1,-1,-1,0
113.37381972222222,23.101519166666666,科韵路,科韵路,4,2539,240,10019,1302,-1,-1,-1,0
113.3738275,23.101718055555555,科韵路,科韵路,4,2517,236,9997,1280,-1,-1,-1,0
113.37383555555556,23.101916944444444,科韵路,科韵路,4,2495,233,9975,1277,-1,-1,-1,0
113.37384361111111,23.102115833333333,科韵路,科韵路,4,2473,229,9953,1273,-1,-1,-1,0
113.37385166666667,23.10231472222222,科韵路,科韵路,4,2451,226,9931,1270,-1,-1,-1,0
113.37385972222222,23.10251388888889,科韵路,科韵路,4,2429,222,9909,1266,-1,-1,-1,0
113.37386944444444,23.102711944444444,琶洲大桥,科韵路,4,2407,219,9887,1263,-1,-1,-1,0
113.37387972222223,23.102909444444446,琶洲大桥,科韵路,4,2385,217,9865,1261,-1,-1,-1,0
113.37389027777778,23.103106944444445,琶洲大桥,科韵路,4,2363,215,9843,1259,-1,-1,-1,0
113.37390083333334,23.103304444444444,琶洲大桥,科韵路,4,2341,213,9821,1257,-1,-1,-1,0
113.37391138888889,23.10350222222222,琶洲大桥,科韵路,4,2319,211,9799,1255,-1,-1,-1,0
113.37392194444445,23.1037,琶洲大桥,科韵路,4,2297,209,9777,1253,-1,-1,-1,0
113.3739325,23.103897777777778,琶洲大桥,科韵路,4,2275,207,9755,1251,-1,-1,-1,0
113.37394305555556,23.104095555555556,琶洲大桥,科韵路,4,2253,205,9733,1249,-1,-1,-1,0
113.3739536111111,23.104293333333334,琶洲大桥,科韵路,4,2231,203,9711,1247,-1,-1,-1,0
113.37396444444444,23.10449138888889,琶洲大桥,科韵路,4,2209,201,9689,1245,-1,-1,-1,0
113.37397527777777,23.104689444444446,琶洲大桥,科韵路,4,2187,199,9667,1243,-1,-1,-1,0
113.37398611111111,23.1048875,琶洲大桥,科韵路,4,2165,197,9645,1241,-1,-1,-1,0
113.37399694444444,23.105085833333334,琶洲大桥,科韵路,4,2143,196,9623,1240,-1,-1,-1,0
113.37400777777778,23.105284166666667,琶洲大桥,科韵路,4,2121,194,9601,1238,-1,-1,-1,0
113.37401861111111,23.1054825,琶洲大桥,科韵路,4,2099,192,9579,1236,-1,-1,-1,0
113.37402944444445,23.105680833333334,琶洲大桥,科韵路,4,2077,190,9557,1234,-1,-1,-1,0
113.37404027777778,23.105879166666668,琶洲大桥,科韵路,4,2055,189,9535,1233,-1,-1,-1,0
113.37405138888889,23.1060775,琶洲大桥,科韵路,4,2033,187,9513,1231,-1,-1,-1,0
113.3740625,23.106275833333335,琶洲大桥,科韵路,4,2011,185,9491,1229,-1,-1,-1,0
113.37407361111111,23.10647416666667,琶洲大桥,科韵路,4,1989,183,9469,1227,-1,-1,-1,0
113.37408472222222,23.1066725,琶洲大桥,科韵路,4,1967,182,9447,1226,-1,-1,-1,0
113.37409583333333,23.106870833333332,琶洲大桥,科韵路,4,1945,203,9425,1254,-1,-1,-1,0
113.37410694444445,23.107069166666665,琶洲大桥,科韵路,4,1923,202,9403,1253,-1,-1,-1,0
113.37411805555556,23.1072675,琶洲大桥,科韵路,4,1901,201,9381,1252,-1,-1,-1,0
113.37413055555555,23.107465555555557,琶洲大桥,科韵路,4,1879,201,9359,1252,-1,-1,-1,0
113.37414666666666,23.10766277777778,琶洲大桥,科韵路,4,1857,199,9337,1250,-1,-1,-1,0
113.37416277777778,23.10786,琶洲大桥,科韵路,4,1835,197,9315,1248,-1,-1,-1,0
113.37417888888889,23.10805722222222,琶洲大桥,科韵路,4,1813,195,9293,1246,-1,-1,-1,0
113.37419527777777,23.108254444444444,琶洲大桥,科韵路,4,1791,193,9271,1244,-1,-1,-1,0
113.3742063888889,23.108451111111112,琶洲大桥,科韵路,4,1770,192,9250,1243,-1,-1,-1,0
113.374215,23.108648055555555,琶洲大桥,科韵路,4,1748,190,9228,1241,-1,-1,-1,0
113.37422666666667,23.10884638888889,琶洲大桥,科韵路,4,1726,188,9206,1239,-1,-1,-1,0
113.37423833333334,23.109044722222222,琶洲大桥,科韵路,4,1704,186,9184,1237,-1,-1,-1,0
113.37425,23.109243333333332,琶洲大桥,科韵路,4,1682,185,9162,1236,-1,-1,-1,0
113.37426194444444,23.109441944444445,琶洲大桥,科韵路,4,1660,183,9140,1234,-1,-1,-1,0
113.3742738888889,23.109640555555554,琶洲大桥,科韵路,4,1638,181,9118,1232,-1,-1,-1,0
113.37428583333333,23.109839166666667,琶洲大桥,科韵路,4,1616,179,9096,1230,-1,-1,-1,0
113.37429777777778,23.110037777777777,琶洲大桥,科韵路,4,1594,177,9074,1228,-1,-1,-1,0
113.37431,23.11023638888889,琶洲大桥,科韵路,4,1571,176,9051,1227,-1,-1,-1,0
113.3743225,23.110434722222223,琶洲大桥,科韵路,4,1549,174,9029,1225,-1,-1,-1,0
113.374335,23.110633055555557,琶洲大桥,科韵路,4,1527,172,9007,1223,-1,-1,-1,0
113.3743475,23.11083138888889,琶洲大桥,科韵路,4,1505,170,8985,1221,-1,-1,-1,0
113.37436,23.111029722222224,琶洲大桥,科韵路,4,1483,168,8963,1219,-1,-1,-1,0
113.37437277777778,23.111228055555557,琶洲大桥,科韵路,4,1461,167,8941,1218,-1,-1,-1,0
113.37438444444444,23.11142611111111,琶洲大桥,科韵路,4,1439,165,8919,1216,-1,-1,-1,0
113.37439555555555,23.11162388888889,琶洲大桥,科韵路,4,1417,163,8897,1214,-1,-1,-1,0
113.37440666666667,23.111821666666668,琶洲大桥,科韵路,4,1395,161,8875,1212,-1,-1,-1,0
113.37441777777778,23.112019444444446,琶洲大桥,科韵路,4,1373,159,8853,1210,-1,-1,-1,0
113.37442888888889,23.112217222222224,琶洲大桥,科韵路,4,1351,158,8831,1209,-1,-1,-1,0
113.37444,23.112415,琶洲大桥,科韵路,4,1329,156,8809,1207,-1,-1,-1,0
113.37445111111111,23.112613055555556,琶洲大桥,科韵路,4,1307,154,8787,1205,-1,-1,-1,0
113.37446222222222,23.11281111111111,琶洲大桥,科韵路,4,1285,152,8765,1203,-1,345,0,60
113.37447083333333,23.11300888888889,琶洲大桥,科韵路,4,1263,150,8743,1201,-1,323,0,60
113.37447611111111,23.113206388888887,琶洲大桥,科韵路,4,1241,148,8721,1199,-1,301,0,60
113.3744813888889,23.11340388888889,琶洲大桥,科韵路,4,1219,146,8699,1197,-1,279,0,60
113.37448583333334,23.11360138888889,琶洲大桥,科韵路,4,1198,144,8678,1195,-1,258,0,60
113.37448583333334,23.113797777777776,琶洲大桥,科韵路,4,1176,142,8656,1193,-1,236,0,60
113.37448583333334,23.113994444444444,琶洲大桥,科韵路,4,1154,140,8634,1191,-1,214,0,60
113.37448194444444,23.114192777777777,琶洲大桥,科韵路,4,1132,138,8612,1189,-1,192,0,60
113.3744775,23.11439111111111,琶洲大桥,科韵路,4,1110,137,8590,1188,-1,170,0,60
113.37447305555555,23.114589444444444,琶洲大桥,科韵路,4,1088,135,8568,1186,-1,148,0,60
113.37446861111111,23.114788055555554,琶洲大桥,科韵路,4,1066,133,8546,1184,-1,126,0,60
113.37446416666667,23.114986666666667,琶洲大桥,科韵路,4,1044,131,8524,1182,-1,104,0,60
113.37446083333333,23.115185277777776,科韵路,科韵路,4,1022,129,8502,1180,-1,82,0,60
113.37446777777778,23.115383333333334,科韵路,科韵路,4,1000,126,8480,1177,-1,60,0,60
113.37447277777778,23.115579444444446,科韵路,科韵路,4,978,123,8458,1174,-1,38,0,60
113.37447805555556,23.115775555555555,科韵路,科韵路,4,956,121,8436,1172,-1,16,0,60
113.37448611111111,23.115973055555557,科韵路,科韵路,4,934,119,8414,1170,-1,-1,-1,0
113.37449416666666,23.116170555555556,科韵路,科韵路,4,912,116,8392,1167,-1,-1,-1,0
113.37450222222222,23.116368333333334,科韵路,科韵路,4,890,114,8370,1165,-1,-1,-1,0
113.37451027777777,23.116566111111112,科韵路,科韵路,4,868,112,8348,1163,-1,-1,-1,0
113.37451833333333,23.11676388888889,科韵路,科韵路,4,846,110,8326,1161,-1,-1,-1,0
113.37452666666667,23.11696166666667,科韵路,科韵路,4,824,108,8304,1159,-1,-1,-1,0
113.37453555555555,23.117157777777777,科韵路,科韵路,4,802,105,8282,1156,-1,-1,-1,0
113.37454666666666,23.117355,科韵路,科韵路,4,780,103,8260,1154,-1,-1,-1,0
113.37455833333334,23.117553055555554,科韵路,科韵路,4,758,101,8238,1152,-1,-1,-1,0
113.37458722222222,23.117749166666666,科韵路,科韵路,4,736,99,8216,1150,-1,-1,-1,0
113.37461805555556,23.11794527777778,科韵路,科韵路,4,714,97,8194,1148,-1,-1,-1,0
113.37464888888888,23.11814138888889,科韵路,科韵路,4,692,95,8172,1146,-1,-1,-1,0
113.37467972222223,23.1183375,科韵路,科韵路,4,670,93,8150,1144,-1,-1,-1,0
113.37471055555555,23.11853361111111,科韵路,科韵路,4,648,91,8128,1142,-1,-1,-1,0
113.37474166666667,23.118729722222223,科韵路,科韵路,4,627,90,8107,1141,-1,-1,-1,0
113.37476805555555,23.11892472222222,科韵路,科韵路,4,605,88,8085,1139,-1,-1,-1,0
113.37479444444445,23.119119722222223,科韵路,科韵路,4,583,86,8063,1137,-1,-1,-1,0
113.37482722222222,23.11931472222222,科韵路,科韵路,4,561,84,8041,1135,-1,-1,-1,0
113.37486111111112,23.11951,科韵路,科韵路,4,539,82,8019,1133,-1,-1,-1,0
113.37488194444444,23.11970527777778,科韵路,科韵路,4,517,80,7997,1131,-1,-1,-1,0
113.37489972222222,23.119900833333332,科韵路,科韵路,4,495,78,7975,1129,-1,361,3,0
113.37491361111111,23.120051666666665,科韵路,科韵路,4,479,77,7959,1128,-1,345,3,0
113.37492916666666,23.1202075,科韵路,科韵路,4,461,75,7941,1126,-1,327,3,0
113.37493583333334,23.120362222222223,科韵路,科韵路,4,444,73,7924,1124,-1,310,3,0
113.37495194444445,23.120515,科韵路,科韵路,4,427,72,7907,1123,-1,293,3,0
113.37496805555556,23.120668055555555,科韵路,科韵路,4,410,70,7890,1121,-1,276,3,0
113.37497916666666,23.120820277777778,科韵路,科韵路,4,393,69,7873,1120,-1,259,3,0
113.37498916666667,23.120971944444445,科韵路,科韵路,4,376,67,7856,1118,-1,242,3,0
113.37499944444444,23.12112388888889,科韵路,科韵路,4,359,65,7839,1116,-1,225,3,0
113.37500916666667,23.121276388888887,科韵路,科韵路,4,342,63,7822,1114,-1,208,3,0
113.37501888888889,23.121429166666665,科韵路,科韵路,4,325,61,7805,1112,-1,191,3,0
113.3750286111111,23.121581944444443,科韵路,科韵路,4,308,58,7788,1109,-1,174,3,0
113.37503833333334,23.12173472222222,科韵路,科韵路,4,291,56,7771,1107,-1,157,3,0
113.37504805555555,23.1218875,科韵路,科韵路,4,274,54,7754,1105,-1,140,3,0
113.37505777777778,23.122040555555557,科韵路,科韵路,4,257,51,7737,1102,-1,123,3,0
113.37506083333334,23.122193888888887,科韵路,科韵路,4,240,49,7720,1100,-1,106,3,0
113.37506388888889,23.12234722222222,科韵路,科韵路,4,223,47,7703,1098,-1,89,3,0
113.37506722222223,23.122500555555554,科韵路,科韵路,4,206,44,7686,1095,-1,72,3,0
113.37507055555555,23.122653888888888,科韵路,科韵路,4,189,42,7669,1093,-1,55,3,0
113.37507388888889,23.12280722222222,科韵路,科韵路,4,172,40,7652,1091,-1,38,3,0
113.37507722222222,23.122960833333334,科韵路,科韵路,4,155,38,7635,1089,-1,21,3,0
113.3750786111111,23.123114166666667,科韵路,科韵路,4,138,35,7618,1086,-1,4,3,0
113.37507611111111,23.1232675,科韵路,科韵路,4,121,31,7601,1082,-1,-1,-1,0
113.3750736111111,23.123420833333334,科韵路,科韵路,4,104,27,7584,1078,-1,-1,-1,0
113.37507111111111,23.123574166666668,科韵路,科韵路,4,87,23,7567,1074,-1,-1,-1,0
113.37506861111112,23.1237275,科韵路,科韵路,4,70,20,7550,1071,-1,-1,-1,0
113.37506583333334,23.12388111111111,科韵路,科韵路,4,53,16,7533,1067,-1,-1,-1,0
113.37506305555556,23.124034722222223,科韵路,科韵路,4,36,12,7516,1063,-1,-1,-1,0
113.37506083333334,23.124188888888888,科韵路,科韵路,4,19,7,7499,1058,-1,-1,-1,0
113.37505861111111,23.12434361111111,科韵路,科韵路,4,2,1,7482,1052,-1,-1,-1,0
113.37506055555555,23.12436611111111,科韵路,华观路,3,5051,688,7480,1051,-1,-1,-1,0
113.37505361111111,23.12456388888889,科韵路,华观路,3,5029,684,7458,1047,-1,-1,-1,0
113.37504666666666,23.124761944444444,科韵路,华观路,3,5007,680,7436,1043,-1,-1,-1,0
113.37505,23.124961111111112,科韵路,华观路,3,4985,676,7414,1039,-1,-1,-1,0
113.3750625,23.125161388888888,科韵路,华观路,3,4962,671,7391,1034,-1,-1,-1,0
113.37507833333333,23.125361388888887,科韵路,华观路,3,4940,667,7369,1030,-1,-1,-1,0
113.3750975,23.125560555555555,科韵路,华观路,3,4918,663,7347,1026,-1,-1,-1,0
113.37512694444445,23.125756944444444,科韵路,华观路,3,4896,659,7325,1022,-1,-1,-1,0
113.37515638888888,23.12595361111111,科韵路,华观路,3,4874,655,7303,1018,-1,-1,-1,0
113.37518666666666,23.12615027777778,科韵路,华观路,3,4852,651,7281,1014,-1,-1,-1,0
113.37522277777778,23.12634611111111,科韵路,华观路,3,4830,647,7259,1010,-1,-1,-1,0
113.37526472222223,23.126541111111113,科韵路,华观路,3,4808,643,7237,1006,-1,-1,-1,0
113.37531361111111,23.126735,科韵路,华观路,3,4786,639,7215,1002,-1,-1,-1,0
113.37535722222222,23.126931111111112,科韵路,华观路,3,4764,635,7193,998,-1,-1,-1,0
113.37540555555556,23.127124722222224,科韵路,华观路,3,4742,631,7171,994,-1,-1,-1,0
113.37545388888888,23.127318333333335,科韵路,华观路,3,4720,627,7149,990,-1,-1,-1,0
113.37550222222222,23.127511944444443,科韵路,华观路,3,4698,623,7127,986,-1,-1,-1,0
113.37555083333334,23.127705555555554,科韵路,华观路,3,4676,618,7105,981,-1,-1,-1,0
113.37559944444445,23.127899166666666,科韵路,华观路,3,4654,614,7083,977,-1,-1,-1,0
113.37564805555556,23.128092777777777,科韵路,华观路,3,4632,610,7061,973,-1,-1,-1,0
113.37569666666667,23.12828638888889,科韵路,华观路,3,4610,606,7039,969,-1,-1,-1,0
113.37574583333334,23.128479722222224,科韵路,华观路,3,4588,602,7017,965,-1,-1,-1,0
113.37579694444445,23.128671944444445,科韵路,华观路,3,4566,598,6995,961,-1,-1,-1,0
113.37584805555555,23.128864166666666,科韵路,华观路,3,4544,542,6973,887,-1,-1,-1,0
113.37589916666667,23.129056666666667,科韵路,华观路,3,4522,541,6951,886,-1,-1,-1,0
113.37594472222223,23.129249722222223,科韵路,华观路,3,4500,540,6929,885,-1,-1,-1,0
113.37599083333333,23.1294425,科韵路,华观路,3,4478,539,6907,884,-1,-1,-1,0
113.37605,23.129630833333334,科韵路,华观路,3,4456,535,6885,880,-1,345,3,0
113.37610444444445,23.129820833333333,科韵路,华观路,3,4434,532,6863,877,-1,323,3,0
113.37615,23.13001388888889,科韵路,华观路,3,4412,528,6841,873,-1,301,3,0
113.37619722222222,23.13020611111111,科韵路,华观路,3,4390,524,6819,869,-1,279,3,0
113.37624583333333,23.130397777777777,科韵路,华观路,3,4368,520,6797,865,-1,257,3,0
113.37629222222222,23.130591111111112,科韵路,华观路,3,4346,517,6775,862,-1,235,3,0
113.37634527777777,23.130782777777778,科韵路,华观路,3,4324,514,6753,859,-1,213,3,0
113.37639166666666,23.13097722222222,科韵路,华观路,3,4302,510,6731,855,-1,191,3,0
113.37643916666667,23.131170277777777,科韵路,华观路,3,4280,505,6709,850,-1,169,3,0
113.37648722222222,23.131362777777777,科韵路,华观路,3,4258,500,6687,845,-1,147,3,0
113.37653527777778,23.131555277777778,科韵路,华观路,3,4236,496,6665,841,-1,125,3,0
113.37658333333333,23.13174777777778,科韵路,华观路,3,4214,491,6643,836,-1,103,3,0
113.37663166666667,23.131940277777776,科韵路,华观路,3,4192,486,6621,831,-1,81,3,0
113.37667833333333,23.132132777777777,科韵路,华观路,3,4170,482,6599,827,-1,59,3,0
113.37672111111111,23.132325555555557,科韵路,华观路,3,4148,479,6577,824,-1,37,3,0
113.37676055555555,23.13251916666667,科韵路,华观路,3,4126,476,6555,821,-1,15,3,0
113.37678277777778,23.13271388888889,科韵路,华观路,3,4104,472,6533,817,-1,-1,-1,0
113.37679916666667,23.132912222222224,科韵路,华观路,3,4082,469,6511,814,-1,-1,-1,0
113.37680888888889,23.13311277777778,科韵路,华观路,3,4060,466,6489,811,-1,-1,-1,0
113.37678805555555,23.1333075,科韵路,华观路,3,4039,463,6468,808,-1,-1,-1,0
113.37674611111112,23.133501944444443,科韵路,华观路,3,4016,461,6445,806,-1,-1,-1,0
113.37668555555555,23.133689166666667,科韵路,华观路,3,3994,458,6423,803,-1,-1,-1,0
113.37661694444445,23.13388,科韵路,华观路,3,3972,456,6401,801,-1,-1,-1,0
113.37653416666667,23.134064722222224,科韵路,华观路,3,3949,453,6378,798,-1,-1,-1,0
113.37644416666667,23.13424638888889,科韵路,华观路,3,3927,451,6356,796,-1,-1,-1,0
113.37635583333333,23.13442861111111,科韵路,华观路,3,3905,448,6334,793,-1,-1,-1,0
113.37627083333334,23.1346125,科韵路,华观路,3,3883,446,6312,791,-1,-1,-1,0
113.37618583333334,23.134796666666666,科韵路,华观路,3,3861,443,6290,788,-1,-1,-1,0
113.37611083333333,23.1349825,科韵路,华观路,3,3839,440,6268,785,-1,-1,-1,0
113.3760475,23.1351725,科韵路,华观路,3,3817,436,6246,781,-1,-1,-1,0
113.37602083333333,23.13536722222222,科韵路,华观路,3,3795,433,6224,778,-1,-1,-1,0
113.37601,23.135564722222224,科韵路,华观路,3,3773,430,6202,775,-1,-1,-1,0
113.37602194444445,23.13576388888889,科韵路,华观路,3,3751,427,6180,772,-1,-1,-1,0
113.37605083333334,23.13596,科韵路,华观路,3,3729,424,6158,769,-1,-1,-1,0
113.37608055555556,23.136157222222224,科韵路,华观路,3,3707,420,6136,765,-1,-1,-1,0
113.37612305555555,23.13635361111111,科韵路,华观路,3,3685,417,6114,762,-1,-1,-1,0
113.37616888888888,23.136546944444444,科韵路,华观路,3,3663,414,6092,759,-1,-1,-1,0
113.376215,23.13674027777778,科韵路,华观路,3,3641,411,6070,756,-1,-1,-1,0
113.3762611111111,23.13693388888889,科韵路,华观路,3,3619,408,6048,753,-1,-1,-1,0
113.37630722222222,23.1371275,科韵路,华观路,3,3597,405,6026,750,-1,-1,-1,0
113.37635416666667,23.13732111111111,科韵路,华观路,3,3575,402,6004,747,-1,-1,-1,0
113.37640222222223,23.13751472222222,科韵路,华观路,3,3553,399,5982,744,-1,-1,-1,0
113.37645027777778,23.137708333333332,科韵路,华观路,3,3531,396,5960,741,-1,-1,-1,0
113.37649861111112,23.137901944444444,科韵路,华观路,3,3509,393,5938,738,-1,-1,-1,0
113.37654694444444,23.138095833333335,科韵路,华观路,3,3487,390,5916,735,-1,-1,-1,0
113.37659555555555,23.138288888888887,科韵路,华观路,3,3465,388,5894,733,-1,-1,-1,0
113.37664388888889,23.138481388888888,科韵路,华观路,3,3443,386,5872,731,-1,-1,-1,0
113.37669222222222,23.13867388888889,科韵路,华观路,3,3421,384,5850,729,-1,-1,-1,0
113.37674083333333,23.13886638888889,科韵路,华观路,3,3399,382,5828,727,-1,-1,-1,0
113.37678944444444,23.139059166666666,科韵路,华观路,3,3377,380,5806,725,-1,-1,-1,0
113.37683805555555,23.139251944444446,科韵路,华观路,3,3355,378,5784,723,-1,-1,-1,0
113.37688666666666,23.139444722222223,科韵路,华观路,3,3333,376,5762,721,-1,-1,-1,0
113.37693527777778,23.1396375,科韵路,华观路,3,3312,374,5741,719,-1,-1,-1,0
113.37698194444444,23.139830555555555,科韵路,华观路,3,3290,373,5719,718,-1,-1,-1,0
113.37702888888889,23.14002361111111,科韵路,华观路,3,3268,371,5697,716,-1,346,0,60
113.37707583333334,23.140216666666667,科韵路,华观路,3,3246,370,5675,715,-1,324,0,60
113.37712277777777,23.140409722222223,科韵路,华观路,3,3224,368,5653,713,-1,302,0,60
113.37716972222222,23.14060277777778,科韵路,华观路,3,3202,367,5631,712,-1,280,0,60
113.37721666666667,23.140795833333332,科韵路,华观路,3,3180,365,5609,710,-1,258,0,60
113.3772636111111,23.140988888888888,科韵路,华观路,3,3158,364,5587,709,-1,236,0,60
113.37731055555555,23.141181944444444,科韵路,华观路,3,3136,362,5565,707,-1,214,0,60
113.3773575,23.141375,科韵路,华观路,3,3114,361,5543,706,-1,192,0,60
113.37740444444445,23.141568055555556,科韵路,华观路,3,3092,359,5521,704,-1,170,0,60
113.37745361111111,23.141759722222222,科韵路,华观路,3,3070,358,5499,703,-1,148,0,60
113.37750333333334,23.141951111111112,科韵路,华观路,3,3048,356,5477,701,-1,126,0,60
113.37754694444445,23.14214611111111,科韵路,华观路,3,3026,353,5455,698,-1,104,0,60
113.37759083333333,23.14234111111111,科韵路,华观路,3,3004,351,5433,696,-1,82,0,60
113.37763972222223,23.142531944444446,科韵路,华观路,3,2982,349,5411,694,-1,60,0,60
113.37768944444444,23.142723611111112,科韵路,华观路,3,2960,346,5389,691,-1,38,0,60
113.3777413888889,23.142916666666668,科韵路,华观路,3,2938,344,5367,689,-1,16,0,60
113.377795,23.143109166666665,科韵路,华观路,3,2916,342,5345,687,-1,-1,-1,0
113.37785305555556,23.1433,科韵路,华观路,3,2894,340,5323,685,-1,-1,-1,0
113.37791388888888,23.14349111111111,科韵路,华观路,3,2872,338,5301,683,-1,-1,-1,0
113.37797666666667,23.14368027777778,科韵路,华观路,3,2850,336,5279,681,-1,-1,-1,0
113.37804222222222,23.14386638888889,科韵路,华观路,3,2828,334,5257,679,-1,-1,-1,0
113.37811361111112,23.144053888888887,科韵路,华观路,3,2806,332,5235,677,-1,-1,-1,0
113.37818527777777,23.14424138888889,科韵路,华观路,3,2784,330,5213,675,-1,-1,-1,0
113.37825694444444,23.144429166666665,科韵路,华观路,3,2762,328,5191,673,-1,-1,-1,0
113.37832916666666,23.144615,科韵路,华观路,3,2740,326,5169,671,-1,-1,-1,0
113.37840166666666,23.14480027777778,科韵路,华观路,3,2718,325,5147,670,-1,-1,-1,0
113.37847444444445,23.144985555555557,科韵路,华观路,3,2696,323,5125,668,-1,-1,-1,0
113.37855416666666,23.145169444444445,科韵路,华观路,3,2674,321,5103,666,-1,-1,-1,0
113.3786175,23.14535861111111,科韵路,华观路,3,2652,318,5081,663,-1,-1,-1,0
113.37866638888889,23.145554444444443,科韵路,华观路,3,2629,317,5058,662,-1,-1,-1,0
113.37869944444445,23.14575138888889,科韵路,华观路,3,2607,315,5036,660,-1,-1,-1,0
113.378725,23.145948333333333,科韵路,华观路,3,2586,313,5015,658,-1,-1,-1,0
113.37873,23.146144166666666,科韵路,华观路,3,2564,312,4993,657,-1,-1,-1,0
113.37872972222222,23.146341111111113,科韵路,华观路,3,2542,310,4971,655,-1,-1,-1,0
113.37872416666667,23.146538888888887,科韵路,华观路,3,2520,308,4949,653,-1,-1,-1,0
113.37871861111111,23.146736666666666,科韵路,华观路,3,2498,307,4927,652,-1,-1,-1,0
113.37871305555555,23.146934444444444,科韵路,华观路,3,2476,305,4905,650,-1,-1,-1,0
113.3787075,23.147132222222222,科韵路,华观路,3,2454,303,4883,648,-1,-1,-1,0
113.37870194444444,23.14733,科韵路,华观路,3,2432,302,4861,647,-1,-1,-1,0
113.37869638888888,23.14752777777778,科韵路,华观路,3,2410,300,4839,645,-1,-1,-1,0
113.3786925,23.147726111111112,科韵路,华观路,3,2388,298,4817,643,-1,-1,-1,0
113.37869027777778,23.147925277777777,科韵路,华观路,3,2366,297,4795,642,-1,-1,-1,0
113.37868805555556,23.14812472222222,科韵路,华观路,3,2344,295,4773,640,-1,-1,-1,0
113.37868555555555,23.148324166666665,科韵路,华观路,3,2322,293,4751,638,-1,-1,-1,0
113.378685,23.14852527777778,科韵路,华观路,3,2299,291,4728,636,-1,-1,-1,0
113.37869305555556,23.148724166666668,科韵路,华观路,3,2277,290,4706,635,-1,355,3,0
113.37870944444444,23.148921944444446,科韵路,华观路,3,2255,288,4684,633,-1,333,3,0
113.3787325,23.149120555555555,科韵路,华观路,3,2233,286,4662,631,-1,311,3,0
113.3787625,23.149316111111112,科韵路,华观路,3,2211,285,4640,630,-1,289,3,0
113.37879694444445,23.14951027777778,科韵路,华观路,3,2189,283,4618,628,-1,267,3,0
113.37884055555556,23.149706666666667,科韵路,华观路,3,2167,281,4596,626,-1,245,3,0
113.37889222222222,23.149899444444443,科韵路,华观路,3,2145,280,4574,625,-1,223,3,0
113.37895166666667,23.150088333333333,科韵路,华观路,3,2123,278,4552,623,-1,201,3,0
113.37901527777778,23.150276666666667,科韵路,华观路,3,2101,277,4530,622,-1,179,3,0
113.37908722222222,23.15046361111111,科韵路,华观路,3,2079,275,4508,620,-1,157,3,0
113.37916138888889,23.15065,科韵路,华观路,3,2057,274,4486,619,-1,135,3,0
113.37925305555555,23.150828055555557,科韵路,华观路,3,2035,273,4464,618,-1,113,3,0
113.37934472222223,23.151006111111112,科韵路,华观路,3,2013,271,4442,616,-1,91,3,0
113.37944722222223,23.151177222222223,科韵路,华观路,3,1992,270,4421,615,-1,70,3,0
113.37955694444445,23.15134611111111,科韵路,华观路,3,1970,269,4399,614,-1,48,3,0
113.37966916666667,23.151515,科韵路,华观路,3,1948,268,4377,613,-1,26,3,0
113.37978138888889,23.15168388888889,科韵路,华观路,3,1926,259,4355,605,-1,4,3,0
113.37989361111111,23.151852777777776,科韵路,华观路,3,1904,258,4333,604,-1,-1,-1,0
113.38000611111111,23.152021666666666,科韵路,华观路,3,1882,258,4311,604,-1,-1,-1,0
113.38011861111112,23.152190555555556,科韵路,华观路,3,1860,257,4289,603,-1,-1,-1,0
113.38022805555556,23.152360833333333,科韵路,华观路,3,1838,256,4267,602,-1,-1,-1,0
113.38033555555556,23.15253138888889,科韵路,华观路,3,1816,254,4245,600,-1,-1,-1,0
113.38044305555556,23.15270222222222,科韵路,华观路,3,1794,253,4223,599,-1,-1,-1,0
113.380555,23.15287222222222,科韵路,华观路,3,1772,251,4201,597,-1,-1,-1,0
113.38067166666667,23.153040833333332,科韵路,华观路,3,1750,249,4179,595,-1,-1,-1,0
113.38078555555556,23.153208888888887,科韵路,华观路,3,1728,247,4157,593,-1,-1,-1,0
113.38089944444444,23.153376944444446,科韵路,华观路,3,1706,246,4135,592,-1,-1,-1,0
113.38101333333333,23.153545,科韵路,华观路,3,1684,245,4113,591,-1,-1,-1,0
113.38112722222222,23.153713055555556,科韵路,华观路,3,1662,244,4091,590,-1,-1,-1,0
113.38124111111111,23.153881388888887,科韵路,华观路,3,1640,243,4069,589,-1,-1,-1,0
113.381355,23.154049722222222,科韵路,华观路,3,1618,241,4047,587,-1,-1,-1,0
113.38146833333333,23.154218333333333,科韵路,华观路,3,1596,240,4025,586,-1,-1,-1,0
113.38157777777778,23.154388055555554,科韵路,华观路,3,1574,239,4003,585,-1,-1,-1,0
113.38168777777778,23.154557222222223,科韵路,华观路,3,1552,237,3981,583,-1,-1,-1,0
113.38178388888889,23.154731388888887,科韵路,华观路,3,1531,236,3960,582,-1,-1,-1,0
113.38187166666667,23.154913333333333,科韵路,华观路,3,1509,234,3938,580,-1,-1,-1,0
113.38195027777778,23.15509888888889,科韵路,华观路,3,1487,232,3916,578,-1,-1,-1,0
113.38202527777777,23.155284722222223,科韵路,华观路,3,1465,230,3894,576,-1,-1,-1,0
113.38209111111111,23.155473055555557,科韵路,华观路,3,1443,228,3872,574,-1,-1,-1,0
113.38214833333333,23.155664722222223,科韵路,华观路,3,1421,226,3850,572,-1,-1,-1,0
113.38219527777778,23.1558575,科韵路,华观路,3,1399,224,3828,570,-1,-1,-1,0
113.38223138888888,23.156052222222222,科韵路,华观路,3,1376,222,3805,568,-1,-1,-1,0
113.38226333333333,23.156248333333334,科韵路,华观路,3,1354,220,3783,566,-1,-1,-1,0
113.3822786111111,23.156450833333334,科韵路,华观路,3,1331,218,3760,564,-1,-1,-1,0
113.38228527777778,23.15665027777778,科韵路,华观路,3,1309,216,3738,562,-1,-1,-1,0
113.38229222222222,23.156849722222223,科韵路,华观路,3,1287,214,3716,560,-1,-1,-1,0
113.38228944444444,23.15704861111111,科韵路,华观路,3,1265,213,3694,559,-1,-1,-1,0
113.382285,23.15724722222222,科韵路,华观路,3,1243,211,3672,557,-1,-1,-1,0
113.38228055555555,23.157445833333334,科韵路,华观路,3,1221,209,3650,555,-1,-1,-1,0
113.38227611111111,23.157644444444443,科韵路,华观路,3,1199,207,3628,553,-1,-1,-1,0
113.3822713888889,23.157843055555556,科韵路,华观路,3,1177,205,3606,551,-1,-1,-1,0
113.38226666666667,23.158041666666666,科韵路,华观路,3,1155,203,3584,549,-1,-1,-1,0
113.38226194444445,23.158240555555555,科韵路,华观路,3,1133,201,3562,547,-1,-1,-1,0
113.38225722222222,23.158439444444443,科韵路,华观路,3,1111,199,3540,545,-1,-1,-1,0
113.38225444444444,23.15863861111111,科韵路,华观路,3,1089,194,3518,540,-1,-1,-1,0
113.38225444444444,23.158838333333332,科韵路,华观路,3,1067,184,3496,530,-1,-1,-1,0
113.38225694444445,23.15903611111111,科韵路,华观路,3,1045,182,3474,528,-1,-1,-1,0
113.38225972222222,23.15923388888889,科韵路,华观路,3,1023,179,3452,525,-1,-1,-1,0
113.3822625,23.159431944444446,科韵路,华观路,3,1001,176,3430,522,-1,-1,-1,0
113.38226555555555,23.15963027777778,科韵路,华观路,3,979,174,3408,520,-1,-1,-1,0
113.38226861111112,23.15982861111111,科韵路,华观路,3,957,171,3386,517,-1,-1,-1,0
113.38227166666667,23.160026944444443,科韵路,华观路,3,935,169,3364,515,-1,-1,-1,0
113.38227472222222,23.160225277777776,科韵路,华观路,3,913,166,3342,512,-1,-1,-1,0
113.38227805555556,23.16042361111111,科韵路,华观路,3,891,164,3320,510,-1,-1,-1,0
113.38228138888888,23.160621944444443,科韵路,华观路,3,869,161,3298,507,-1,-1,-1,0
113.38228472222222,23.160820277777777,科韵路,华观路,3,847,159,3276,505,-1,-1,-1,0
113.38228805555555,23.16101861111111,科韵路,华观路,3,825,156,3254,502,-1,-1,-1,0
113.38229138888889,23.161217222222223,科韵路,华观路,3,803,153,3232,499,-1,-1,-1,0
113.38229527777777,23.161415,科韵路,华观路,3,781,151,3210,497,-1,-1,-1,0
113.38229944444444,23.161611666666666,科韵路,华观路,3,759,149,3188,495,-1,-1,-1,0
113.38230388888888,23.161808333333333,科韵路,华观路,3,737,147,3166,493,-1,-1,-1,0
113.38230805555555,23.16200611111111,科韵路,华观路,3,715,145,3144,491,-1,-1,-1,0
113.38231222222223,23.16220472222222,科韵路,华观路,3,693,142,3122,488,-1,-1,-1,0
113.3823163888889,23.162403333333334,科韵路,华观路,3,671,139,3100,485,-1,-1,-1,0
113.38232055555555,23.162601944444443,科韵路,华观路,3,649,136,3078,482,-1,-1,-1,0
113.38232472222222,23.162800833333332,科韵路,华观路,3,627,134,3056,480,-1,-1,-1,0
113.38232888888889,23.16299972222222,科韵路,华观路,3,605,131,3034,477,-1,-1,-1,0
113.38233305555555,23.16319861111111,科韵路,华观路,3,583,128,3012,474,-1,-1,-1,0
113.3823338888889,23.163396944444443,科韵路,华观路,3,561,126,2990,472,-1,-1,-1,0
113.38232472222222,23.163594166666666,科韵路,华观路,3,539,123,2968,469,-1,-1,-1,0
113.38231527777778,23.16379138888889,科韵路,华观路,3,517,120,2946,466,-1,-1,-1,0
113.38230583333333,23.16398861111111,科韵路,华观路,3,495,117,2924,463,-1,-1,-1,0
113.38229861111111,23.16414111111111,科韵路,华观路,3,478,115,2907,461,-1,-1,-1,0
113.38228416666666,23.1642925,科韵路,华观路,3,461,114,2890,460,-1,-1,-1,0
113.38226916666666,23.16444388888889,科韵路,华观路,3,444,112,2873,458,-1,-1,-1,0
113.38225472222223,23.164596666666668,科韵路,华观路,3,427,110,2856,456,-1,-1,-1,0
113.38224083333333,23.164750555555557,科韵路,华观路,3,410,109,2839,455,-1,-1,-1,0
113.38222694444444,23.164904444444446,科韵路,华观路,3,393,107,2822,453,-1,-1,-1,0
113.38221527777777,23.165058333333334,科韵路,华观路,3,376,106,2805,452,-1,-1,-1,0
113.38221527777777,23.1652125,科韵路,华观路,3,359,104,2788,450,-1,-1,-1,0
113.38221527777777,23.165367777777778,科韵路,华观路,3,341,103,2770,449,-1,-1,-1,0
113.38222444444445,23.165521944444443,科韵路,华观路,3,324,101,2753,447,-1,-1,-1,0
113.38223388888889,23.165675,科韵路,华观路,3,307,99,2736,445,-1,-1,-1,0
113.3822475,23.16582638888889,科韵路,华观路,3,290,98,2719,444,-1,-1,-1,0
113.38227388888889,23.165976666666666,科韵路,华观路,3,273,96,2702,442,-1,-1,-1,0
113.38230055555556,23.166127222222222,科韵路,华观路,3,256,95,2685,441,-1,-1,-1,0
113.38232555555555,23.166278055555555,科韵路,华观路,3,239,92,2668,438,-1,-1,-1,0
113.38234861111111,23.166429444444443,科韵路,华观路,3,222,88,2651,434,-1,-1,-1,0
113.38237194444444,23.166580833333335,科韵路,华观路,3,205,83,2634,429,-1,-1,-1,0
113.38239583333333,23.1667325,科韵路,华观路,3,188,79,2617,425,-1,-1,-1,0
113.38242361111111,23.16688361111111,科韵路,华观路,3,171,75,2600,421,-1,-1,-1,0
113.38245166666667,23.167035,科韵路,华观路,3,154,70,2583,416,-1,-1,-1,0
113.38247972222223,23.16718638888889,科韵路,华观路,3,137,66,2566,412,-1,352,2,0
113.3825036111111,23.167338611111113,科韵路,华观路,3,120,62,2549,408,-1,335,2,0
113.38252555555556,23.16749111111111,科韵路,华观路,3,103,57,2532,403,-1,318,2,0
113.3825475,23.16764361111111,科韵路,华观路,3,86,53,2515,399,-1,301,2,0
113.38256944444444,23.167796111111112,科韵路,华观路,3,69,49,2498,395,-1,284,2,0
113.38259166666667,23.16794861111111,科韵路,华观路,3,52,45,2481,391,-1,267,2,0
113.38261861111111,23.16810027777778,科韵路,华观路,3,35,35,2464,381,-1,250,2,0
113.38265166666666,23.16825138888889,科韵路,华观路,3,18,18,2447,364,-1,233,2,0
113.382685,23.1684025,科韵路,华观路,3,1,1,2430,347,-1,216,2,0
113.38269527777778,23.168424444444444,华观路,无名道路,11,2104,272,2429,346,-1,215,2,0
113.38291166666667,23.16839361111111,华观路,无名道路,11,2082,268,2407,342,-1,193,2,0
113.38312416666666,23.168364722222222,华观路,无名道路,11,2060,266,2385,340,-1,171,2,0
113.38333694444445,23.168335833333334,华观路,无名道路,11,2038,263,2363,337,-1,149,2,0
113.38354972222223,23.168306944444446,华观路,无名道路,11,2016,260,2341,334,-1,127,2,0
113.3837625,23.168278055555554,华观路,无名道路,11,1994,257,2319,331,-1,105,2,0
113.38397527777778,23.16824888888889,华观路,无名道路,11,1972,254,2297,328,-1,83,2,0
113.38418805555555,23.168219722222222,华观路,无名道路,11,1950,251,2275,325,-1,61,2,0
113.38440083333333,23.168190555555555,华观路,无名道路,11,1928,248,2253,322,-1,39,2,0
113.38461611111111,23.168166666666668,华观路,无名道路,11,1906,242,2231,316,-1,17,2,0
113.38483305555556,23.168155833333334,华观路,无名道路,11,1884,233,2209,307,-1,-1,-1,0
113.38504694444444,23.16815611111111,华观路,无名道路,11,1862,226,2187,300,-1,-1,-1,0
113.38526138888889,23.1681575,华观路,无名道路,11,1840,224,2165,298,-1,-1,-1,0
113.38547583333333,23.168159166666666,华观路,无名道路,11,1818,221,2143,295,-1,-1,-1,0
113.38569055555556,23.168157222222224,华观路,无名道路,11,1796,219,2121,293,-1,-1,-1,0
113.38590555555555,23.1681525,华观路,无名道路,11,1774,217,2099,291,-1,-1,-1,0
113.38612055555555,23.16814777777778,华观路,无名道路,11,1752,216,2077,290,-1,-1,-1,0
113.38633555555556,23.168143055555557,华观路,无名道路,11,1730,214,2055,288,-1,-1,-1,0
113.38655055555556,23.168138333333335,华观路,无名道路,11,1708,212,2033,286,-1,-1,-1,0
113.38676555555556,23.16813361111111,华观路,无名道路,11,1686,211,2011,285,-1,-1,-1,0
113.38698055555555,23.168128888888887,华观路,无名道路,11,1664,209,1989,283,-1,-1,-1,0
113.38719555555555,23.16812388888889,华观路,无名道路,11,1642,207,1967,281,-1,-1,-1,0
113.38741055555556,23.168118888888888,华观路,无名道路,11,1620,206,1945,280,-1,-1,-1,0
113.38762555555556,23.16811388888889,华观路,无名道路,11,1598,204,1923,278,-1,-1,-1,0
113.38784055555556,23.168108888888888,华观路,无名道路,11,1576,202,1901,276,-1,-1,-1,0
113.38805555555555,23.16810388888889,华观路,无名道路,11,1554,196,1879,245,-1,-1,-1,0
113.38827083333334,23.16809888888889,华观路,无名道路,11,1532,195,1857,244,-1,-1,-1,0
113.3884861111111,23.16809388888889,华观路,无名道路,11,1510,194,1835,243,-1,-1,-1,0
113.38870083333333,23.168086388888888,华观路,无名道路,11,1488,193,1813,242,-1,-1,-1,0
113.38891444444444,23.168074722222222,华观路,无名道路,11,1466,192,1791,241,-1,-1,-1,0
113.38912833333333,23.168062777777777,华观路,无名道路,11,1444,190,1769,239,-1,-1,-1,0
113.38934222222223,23.168050833333332,华观路,无名道路,11,1422,188,1747,237,-1,-1,-1,0
113.38955333333334,23.168040277777777,华观路,无名道路,11,1400,186,1725,235,-1,-1,-1,0
113.38976611111111,23.168034444444444,华观路,无名道路,11,1378,183,1703,232,-1,-1,-1,0
113.38998055555555,23.168029444444443,华观路,无名道路,11,1356,180,1681,229,-1,-1,-1,0
113.39019555555555,23.168026666666666,华观路,无名道路,11,1334,177,1659,226,-1,-1,-1,0
113.39041055555556,23.16802388888889,华观路,无名道路,11,1312,174,1637,223,-1,-1,-1,0
113.39062583333333,23.168021111111113,华观路,无名道路,11,1290,171,1615,220,-1,-1,-1,0
113.39084111111111,23.168018333333332,华观路,无名道路,11,1268,168,1593,217,-1,-1,-1,0
113.39105638888888,23.168015555555556,华观路,无名道路,11,1246,165,1571,214,-1,-1,-1,0
113.39127194444444,23.168011666666665,华观路,无名道路,11,1223,162,1548,211,-1,-1,-1,0
113.39148833333333,23.168004444444446,华观路,无名道路,11,1201,159,1526,208,-1,-1,-1,0
113.391705,23.167996944444443,华观路,无名道路,11,1179,156,1504,205,-1,-1,-1,0
113.39191694444445,23.167984166666667,华观路,无名道路,11,1158,153,1483,202,-1,-1,-1,0
113.39213138888888,23.167965833333334,华观路,无名道路,11,1136,150,1461,199,-1,-1,-1,0
113.39234583333334,23.167941388888888,华观路,无名道路,11,1114,147,1439,196,-1,-1,-1,0
113.39255722222222,23.167913333333335,华观路,无名道路,11,1092,144,1417,193,-1,-1,-1,0
113.3927688888889,23.167883888888888,华观路,无名道路,11,1069,141,1394,190,-1,-1,-1,0
113.39298,23.167839444444443,华观路,无名道路,11,1047,138,1372,187,-1,-1,-1,0
113.3931913888889,23.167794722222222,华观路,无名道路,11,1025,135,1350,184,-1,-1,-1,0
113.39339944444444,23.16774388888889,华观路,无名道路,11,1003,132,1328,181,-1,-1,-1,0
113.39360805555556,23.167687222222224,华观路,无名道路,11,981,129,1306,178,-1,-1,-1,0
113.39381194444445,23.16762361111111,华观路,无名道路,11,959,126,1284,175,-1,-1,-1,0
113.3940136111111,23.167558333333332,华观路,无名道路,11,937,123,1262,172,-1,-1,-1,0
113.39421555555556,23.167492777777777,华观路,无名道路,11,915,120,1240,169,-1,-1,-1,0
113.39441972222222,23.1674275,华观路,无名道路,11,893,118,1218,167,-1,-1,-1,0
113.3946263888889,23.167366944444446,华观路,无名道路,11,871,115,1196,164,-1,-1,-1,0
113.39483361111111,23.167312222222222,华观路,无名道路,11,849,113,1174,162,-1,-1,-1,0
113.39504083333334,23.1672575,华观路,无名道路,11,827,112,1152,161,-1,-1,-1,0
113.39524805555556,23.167202777777778,华观路,无名道路,11,805,110,1130,159,-1,-1,-1,0
113.39545833333334,23.1671575,华观路,无名道路,11,782,108,1107,157,-1,351,0,60
113.39566972222222,23.16711638888889,华观路,无名道路,11,760,106,1085,155,-1,329,0,60
113.3958813888889,23.167075277777776,华观路,无名道路,11,738,104,1063,153,-1,307,0,60
113.39609277777778,23.1670475,华观路,无名道路,11,717,102,1042,151,-1,286,0,60
113.39630416666667,23.167024722222223,华观路,无名道路,11,695,100,1020,149,-1,264,0,60
113.39651833333333,23.167011111111112,华观路,无名道路,11,673,99,998,148,-1,242,0,60
113.39673583333334,23.167005,华观路,无名道路,11,650,97,975,146,-1,219,0,60
113.39695277777778,23.16700861111111,华观路,无名道路,11,628,95,953,144,-1,197,0,60
113.39716861111111,23.167016944444445,华观路,无名道路,11,606,93,931,142,-1,175,0,60
113.39738166666666,23.167033055555557,华观路,无名道路,11,584,89,909,138,-1,153,0,60
113.39759222222222,23.167055555555557,华观路,无名道路,11,563,85,888,134,-1,132,0,60
113.39780222222223,23.16708638888889,华观路,无名道路,11,541,80,866,129,-1,110,0,60
113.39801166666666,23.16712,华观路,无名道路,11,519,76,844,125,-1,88,0,60
113.39821916666666,23.167165277777777,华观路,无名道路,11,497,71,822,120,-1,66,0,60
113.39837972222222,23.167200277777777,华观路,无名道路,11,480,67,805,116,-1,49,0,60
113.39854027777778,23.167235555555557,华观路,无名道路,11,463,64,788,113,-1,32,0,60
113.3987,23.16727527777778,华观路,无名道路,11,446,60,771,109,-1,15,0,60
113.39885972222223,23.167315555555554,华观路,无名道路,11,429,56,754,105,-1,43,3,0
113.39901972222222,23.16735611111111,华观路,无名道路,11,412,53,737,102,-1,26,3,0
113.39918,23.167397222222224,华观路,无名道路,11,395,49,720,98,-1,9,3,0
113.39934166666667,23.16743888888889,华观路,无名道路,11,377,47,702,96,-1,-1,-1,0
113.399505,23.16747388888889,华观路,无名道路,11,360,45,685,94,-1,-1,-1,0
113.39966833333334,23.16750888888889,华观路,无名道路,11,343,43,668,92,-1,-1,-1,0
113.39983277777777,23.167537777777778,华观路,无名道路,11,326,41,651,90,-1,-1,-1,0
113.3999975,23.167561666666668,华观路,无名道路,11,309,39,634,88,-1,-1,-1,0
113.4001625,23.167585833333334,华观路,无名道路,11,292,37,617,86,-1,-1,-1,0
113.40032777777778,23.167606666666668,华观路,无名道路,11,275,35,600,84,-1,-1,-1,0
113.40049305555556,23.16762138888889,华观路,无名道路,11,258,34,583,83,-1,-1,-1,0
113.40065833333334,23.167629722222223,华观路,无名道路,11,241,32,566,81,-1,-1,-1,0
113.40082361111111,23.16763611111111,华观路,无名道路,11,224,31,549,80,-1,-1,-1,0
113.40098944444445,23.1676375,华观路,无名道路,11,207,28,532,77,-1,-1,-1,0
113.40115555555556,23.167639166666667,华观路,无名道路,11,190,26,515,75,-1,-1,-1,0
113.40132138888889,23.167637777777777,华观路,无名道路,11,173,24,498,73,-1,-1,-1,0
113.40148722222222,23.167630555555554,华观路,无名道路,11,156,21,481,70,-1,-1,-1,0
113.40165333333333,23.167623333333335,华观路,无名道路,11,139,19,464,68,-1,-1,-1,0
113.40181944444444,23.167615833333333,华观路,无名道路,11,122,17,447,66,-1,-1,-1,0
113.40198555555556,23.16760638888889,华观路,无名道路,11,105,14,430,63,-1,-1,-1,0
113.40215166666667,23.167596666666668,华观路,无名道路,11,88,12,413,61,-1,-1,-1,0
113.40231805555555,23.167586944444444,华观路,无名道路,11,71,10,396,59,-1,-1,-1,0
113.40248444444444,23.167576944444445,华观路,无名道路,11,54,7,379,56,-1,-1,-1,0
113.40264027777778,23.167535277777777,华观路,无名道路,11,38,5,363,54,-1,-1,-1,0
113.40278722222222,23.16747,华观路,无名道路,11,21,3,346,52,-1,-1,-1,0
113.40293,23.167394166666668,华观路,无名道路,11,4,1,329,50,-1,-1,-1,0
113.4029686111111,23.16737388888889,无名道路,华观路,12,228,39,325,49,-1,-1,-1,0
113.4030811111111,23.16727,无名道路,华观路,12,212,36,309,46,-1,-1,-1,0
113.40324305555555,23.167227222222223,无名道路,华观路,12,195,34,292,44,-1,-1,-1,0
113.40340638888888,23.167234166666667,无名道路,华观路,12,178,32,275,42,-1,-1,-1,0
113.4035538888889,23.16728277777778,无名道路,华观路,12,162,27,259,37,-1,-1,-1,0
113.4036725,23.167386944444445,无名道路,华观路,12,145,22,242,32,-1,-1,-1,0
113.403745,23.167521666666666,无名道路,华观路,12,128,19,225,29,-1,-1,-1,0
113.40375666666667,23.167676944444445,无名道路,华观路,12,110,16,207,26,-1,-1,-1,0
113.40371277777778,23.167820555555554,无名道路,华观路,12,94,14,191,24,-1,-1,-1,0
113.40361972222222,23.167942222222223,无名道路,华观路,12,77,12,174,22,-1,-1,-1,0
113.40347472222223,23.168020277777778,无名道路,华观路,12,60,9,157,19,-1,-1,-1,0
113.40331,23.1680525,无名道路,华观路,12,43,7,140,17,-1,-1,-1,0
113.4031488888889,23.16802388888889,无名道路,华观路,12,26,5,123,15,-1,-1,-1,0
113.40301611111111,23.167943055555554,无名道路,华观路,12,9,2,106,12,-1,-1,-1,0
113.4029513888889,23.167890555555555,华观路,目的地,15,97,10,97,10,-1,-1,-1,0
113.402815,23.167809722222223,华观路,目的地,15,80,8,80,8,-1,-1,-1,0
113.40266277777778,23.167761666666667,华观路,目的地,15,64,7,64,7,-1,-1,-1,0
113.40249722222222,23.167740277777778,华观路,目的地,15,47,5,47,5,-1,-1,-1,0
113.40233111111111,23.16774388888889,华观路,目的地,15,29,3,29,3,-1,-1,-1,0
113.40216416666667,23.167748888888887,华观路,目的地,15,12,1,12,1,-1,-1,-1,0
113.38480027777777,23.097825277777776,新港东路,科韵路,5,858,124,11454,1500,-1,-1,-1,0
113.38480027777777,23.097825277777776,新港东路,科韵路,5,858,124,11454,1500,-1,-1,-1,0
